time (s)	theta (A)	maj axis/z0	min axis/z0	crossing#mod 255
4968.625175	262.156647	0.644210	-0.198752	117
4970.732088	261.543427	0.647310	-0.197779	119
4972.834553	260.481903	0.647623	-0.196043	121
4974.939698	259.864990	0.645525	-0.193956	123
4977.049759	259.731628	0.644783	-0.192129	125
4979.161758	260.213654	0.646374	-0.191013	127
4981.275491	260.810608	0.647024	-0.190318	129
4983.388167	261.243958	0.649294	-0.189580	131
4985.498250	261.608643	0.651045	-0.189286	133
4987.608965	261.675903	0.651864	-0.188573	135
4989.718503	261.574432	0.653190	-0.187394	137
4991.827132	261.419067	0.653800	-0.186364	139
4993.934924	261.300293	0.654958	-0.184974	141
4996.041941	260.965454	0.656404	-0.183018	143
4998.147745	260.638367	0.656936	-0.181214	145
5000.253392	260.257172	0.656969	-0.179871	147
5002.361056	260.165314	0.656165	-0.179324	149
5004.471908	260.323761	0.656752	-0.179291	151
5006.586028	260.744049	0.657822	-0.178548	153
5008.699973	261.164429	0.660590	-0.177761	155
5010.811998	261.356781	0.662536	-0.176687	157
5012.920487	261.254333	0.664608	-0.175453	159
5015.026051	260.875000	0.665854	-0.173717	161
5017.131043	260.474091	0.665428	-0.171973	163
5019.237162	260.237854	0.664398	-0.170819	165
5021.345343	260.095612	0.665588	-0.170469	167
5023.453601	259.986389	0.665836	-0.169369	169
5025.563524	259.877228	0.667090	-0.168304	171
5027.672517	259.844147	0.667670	-0.167348	173
5029.782026	259.836914	0.668348	-0.166264	175
5031.891927	259.837219	0.669167	-0.165209	177
5034.003265	260.023773	0.669321	-0.163926	179
5036.115631	260.405670	0.670277	-0.162741	181
5038.228707	260.941895	0.671438	-0.162207	183
5040.340915	261.452148	0.674195	-0.162518	185
5042.451568	261.675354	0.677104	-0.162049	187
5044.558918	261.371002	0.679249	-0.161046	189
5046.664409	260.716370	0.680501	-0.159760	191
5048.769350	260.124878	0.679170	-0.158178	193
5050.876271	259.709656	0.678759	-0.156607	195
5052.985262	259.629272	0.677727	-0.155012	197
5055.095342	259.757294	0.678297	-0.153873	199
5057.206996	259.946838	0.678512	-0.152699	201
5059.317902	260.211456	0.679466	-0.151664	203
5061.428556	260.380310	0.680713	-0.151096	205
5063.538508	260.397064	0.681252	-0.149973	207
5065.647729	260.412781	0.683386	-0.148767	209
5067.756217	260.388947	0.683728	-0.147788	211
5069.863344	260.231903	0.684957	-0.146488	213
5071.971272	260.102356	0.684978	-0.145124	215
5074.078624	259.982025	0.685263	-0.144133	217
5076.187105	260.039062	0.684104	-0.143438	219
5078.297629	260.164337	0.684100	-0.143166	221
5080.409297	260.350098	0.686155	-0.142225	223
5082.523604	260.659607	0.687744	-0.140908	225
5084.635636	260.906799	0.688749	-0.140583	227
5086.746949	260.968231	0.690097	-0.139717	229
5088.856239	261.000519	0.691464	-0.138626	231
5090.962840	260.856354	0.693127	-0.137338	233
5093.070020	260.613495	0.693632	-0.136186	235
5095.176821	260.445679	0.693807	-0.135307	237
5097.284740	260.292786	0.694395	-0.134110	239
5099.392968	260.179443	0.695195	-0.133085	241
5101.502272	260.162628	0.695590	-0.132491	243
5103.611274	260.083130	0.696306	-0.131411	245
5105.721687	260.137634	0.697251	-0.130832	247
5107.831798	260.295105	0.698104	-0.129943	249
5109.943372	260.496918	0.698823	-0.129342	251
5112.055265	260.797852	0.700225	-0.128652	253
5114.166350	261.086304	0.701642	-0.128190	255
5116.277219	261.293884	0.703842	-0.127634	1
5118.386711	261.354187	0.705922	-0.126986	3
5120.494207	261.193634	0.706980	-0.126598	5
5122.601176	260.760193	0.708165	-0.125225	7
5124.707664	260.366791	0.705765	-0.124068	9
5126.814084	260.089630	0.707317	-0.122772	11
5128.922395	259.914368	0.706552	-0.120757	13
5131.030488	259.821960	0.706115	-0.120420	15
5133.141884	259.880280	0.706396	-0.119040	17
5135.250949	260.017548	0.708285	-0.119303	19
5137.361687	260.074524	0.709903	-0.117838	21
5139.471723	260.165558	0.710224	-0.117522	23
5141.579888	260.216187	0.711872	-0.116606	25
5143.690103	260.107056	0.710291	-0.115529	27
5145.799159	260.155670	0.712086	-0.114279	29
5147.907582	260.156647	0.713118	-0.114012	31
5150.017034	260.190033	0.713647	-0.113766	33
5152.126485	260.236725	0.713829	-0.113059	35
5154.237231	260.305237	0.714303	-0.112255	37
5156.348346	260.456360	0.713968	-0.111027	39
5158.460400	260.626099	0.715631	-0.110357	41
5160.571753	260.786682	0.717299	-0.109643	43
5162.683810	260.955292	0.719556	-0.109100	45
5164.794376	260.982330	0.720221	-0.108649	47
5166.904339	260.993256	0.720541	-0.107671	49
5169.013135	260.930817	0.722284	-0.106928	51
5171.121104	260.820831	0.722976	-0.106156	53
5173.228953	260.682404	0.724049	-0.105067	55
5175.337004	260.595428	0.724524	-0.104324	57
5177.446001	260.518402	0.725559	-0.103228	59
5179.554717	260.471802	0.725737	-0.102488	61
5181.664409	260.464142	0.726516	-0.101779	63
5183.773849	260.500885	0.726783	-0.100975	65
5185.884432	260.575928	0.727225	-0.100258	67
5187.995073	260.644073	0.727812	-0.099138	69
5190.106000	260.816681	0.728018	-0.098286	71
5192.216072	260.974335	0.728706	-0.097883	73
5194.326049	261.069458	0.729773	-0.097132	75
5196.435419	261.085663	0.731755	-0.096572	77
5198.543434	260.988770	0.733815	-0.095874	79
5200.651378	260.740112	0.735373	-0.094733	81
5202.758557	260.467926	0.736307	-0.093459	83
5204.865954	260.201965	0.736735	-0.092788	85
5206.973379	259.992187	0.736358	-0.091499	87
5209.081626	259.843964	0.735162	-0.090617	89
5211.189865	259.826782	0.735919	-0.089855	91
5213.298573	259.777008	0.735984	-0.089115	93
5215.407911	259.723267	0.737351	-0.088203	95
5217.517196	259.698181	0.737293	-0.087357	97
5219.626769	259.782471	0.739247	-0.086878	99
5221.735794	259.758545	0.740207	-0.086374	101
5223.845135	259.766052	0.740254	-0.085394	103
5225.954363	259.797668	0.741102	-0.084898	105
5228.063965	259.848511	0.741626	-0.084403	107
5230.174096	259.871796	0.742889	-0.083891	109
5232.284128	259.918152	0.743082	-0.083484	111
5234.394966	259.955811	0.744430	-0.082997	113
5236.506262	260.113190	0.746181	-0.082174	115
5238.617535	260.208893	0.748421	-0.081571	117
5240.728970	260.196381	0.748897	-0.080824	119
5242.839937	260.326172	0.750549	-0.080554	121
5244.950572	260.337158	0.750803	-0.080035	123
5247.060308	260.386505	0.751293	-0.079092	125
5249.170170	260.345245	0.753045	-0.078373	127
5251.279055	260.289490	0.753419	-0.077512	129
5253.387821	260.218262	0.753640	-0.076871	131
5255.496355	260.134094	0.753731	-0.076124	133
5257.605478	260.112427	0.754588	-0.075351	135
5259.714158	260.092468	0.755251	-0.074831	137
5261.823459	260.091248	0.757323	-0.074157	139
5263.932789	260.044739	0.756448	-0.073506	141
5266.042613	260.097046	0.756940	-0.073022	143
5268.152902	260.133240	0.757905	-0.072229	145
5270.262535	260.195831	0.758912	-0.071742	147
5272.372691	260.274658	0.760756	-0.071393	149
5274.482413	260.321594	0.760720	-0.070815	151
5276.591388	260.329041	0.761473	-0.070208	153
5278.700165	260.227753	0.762093	-0.069190	155
5280.808841	260.176239	0.763065	-0.068695	157
5282.916638	260.025543	0.764160	-0.067825	159
5285.024684	259.873260	0.764399	-0.066901	161
